// MilkShape 3D ASCII

Frames: 30
Frame: 1

Meshes: 1
"Box01" 1 0
20
1 -261.249268 330.173553 -156.787354 0.000000 0.000000 -1
1 91.260818 103.769905 67.050079 0.000000 1.000000 -1
1 45.015442 546.156860 -420.648407 1.000000 0.000000 -1
1 397.525391 319.753265 -196.811127 1.000000 1.000000 -1
1 45.015442 546.156860 -420.648407 0.000000 0.000000 -1
1 397.525391 319.753265 -196.811127 0.000000 1.000000 -1
1 20.155872 193.646713 -738.049988 1.000000 0.000000 -1
1 372.665863 -32.756760 -514.212708 1.000000 1.000000 -1
1 20.155872 193.646713 -738.049988 0.000000 0.000000 -1
1 372.665863 -32.756760 -514.212708 0.000000 1.000000 -1
1 -286.108917 -22.336462 -474.188965 1.000000 0.000000 -1
1 66.401276 -248.740570 -250.351593 1.000000 1.000000 -1
1 -286.108917 -22.336462 -474.188965 0.000000 0.000000 -1
1 66.401276 -248.740570 -250.351593 0.000000 1.000000 -1
1 -261.249268 330.173553 -156.787354 1.000000 0.000000 -1
1 91.260818 103.769905 67.050079 1.000000 1.000000 -1
1 -261.249268 330.173553 -156.787354 0.000000 1.000000 -1
1 45.015442 546.156860 -420.648407 1.000000 1.000000 -1
1 91.260818 103.769905 67.050079 0.000000 0.000000 -1
1 397.525391 319.753265 -196.811127 1.000000 0.000000 -1
18
0.052336 0.742126 0.668214
0.052336 0.742126 0.668214
0.052336 0.742126 0.668214
0.668214 0.471236 -0.575697
0.668214 0.471236 -0.575697
0.668214 0.471236 -0.575697
-0.052336 -0.742126 -0.668213
-0.052336 -0.742126 -0.668214
-0.052336 -0.742126 -0.668214
-0.668214 -0.471236 0.575697
-0.668214 -0.471236 0.575697
-0.668214 -0.471236 0.575697
-0.742126 0.476640 -0.471236
-0.742126 0.476639 -0.471236
-0.742126 0.476639 -0.471236
0.742126 -0.476639 0.471236
0.742127 -0.476639 0.471236
0.742127 -0.476639 0.471236
12
1 0 1 2 0 1 1 1
1 1 3 2 1 2 1 1
1 4 5 6 3 4 4 2
1 5 7 6 4 5 4 2
1 8 9 10 6 7 7 1
1 9 11 10 7 8 7 1
1 12 13 14 9 10 10 2
1 13 15 14 10 11 10 2
1 12 16 6 12 13 13 3
1 16 17 6 13 14 13 3
1 18 13 19 15 16 16 3
1 13 7 19 16 17 16 3

Materials: 1
"Material01"
0.200000 0.200000 0.200000 1.000000
0.800000 0.800000 0.800000 1.000000
0.000000 0.000000 0.000000 1.000000
0.000000 0.000000 0.000000 1.000000
0.000000
1.000000
"dab_winny_prof.jpg"
""

Bones: 0
GroupComments: 0
MaterialComments: 0
BoneComments: 0
ModelComment: 0
