// MilkShape 3D ASCII

Frames: 30
Frame: 1

Meshes: 1
"Sphere01" 0 0
89
1 0.000000 -3.800000 0.000000 0.000000 1.000000 -1
1 1.900000 -3.290896 0.000000 0.000000 0.833333 -1
1 1.645448 -3.290896 0.950000 0.083333 0.833333 -1
1 0.000000 3.800000 0.000000 0.000000 0.000000 -1
1 1.645448 3.290896 0.950000 0.083333 0.166667 -1
1 1.900000 3.290896 0.000000 0.000000 0.166667 -1
1 0.000000 -3.800000 0.000000 0.083333 1.000000 -1
1 0.950000 -3.290896 1.645448 0.166667 0.833333 -1
1 0.000000 3.800000 0.000000 0.083333 0.000000 -1
1 0.950000 3.290896 1.645448 0.166667 0.166667 -1
1 0.000000 -3.800000 0.000000 0.166667 1.000000 -1
1 0.000000 -3.290896 1.900000 0.250000 0.833333 -1
1 0.000000 3.800000 0.000000 0.166667 0.000000 -1
1 0.000000 3.290896 1.900000 0.250000 0.166667 -1
1 0.000000 -3.800000 0.000000 0.250000 1.000000 -1
1 -0.950000 -3.290896 1.645448 0.333333 0.833333 -1
1 0.000000 3.800000 0.000000 0.250000 0.000000 -1
1 -0.950000 3.290896 1.645448 0.333333 0.166667 -1
1 0.000000 -3.800000 0.000000 0.333333 1.000000 -1
1 -1.645448 -3.290896 0.950000 0.416667 0.833333 -1
1 0.000000 3.800000 0.000000 0.333333 0.000000 -1
1 -1.645448 3.290896 0.950000 0.416667 0.166667 -1
1 0.000000 -3.800000 0.000000 0.416667 1.000000 -1
1 -1.900000 -3.290896 0.000000 0.500000 0.833333 -1
1 0.000000 3.800000 0.000000 0.416667 0.000000 -1
1 -1.900000 3.290896 0.000000 0.500000 0.166667 -1
1 0.000000 -3.800000 0.000000 0.500000 1.000000 -1
1 -1.645448 -3.290896 -0.950000 0.583333 0.833333 -1
1 0.000000 3.800000 0.000000 0.500000 0.000000 -1
1 -1.645448 3.290896 -0.950000 0.583333 0.166667 -1
1 0.000000 -3.800000 0.000000 0.583333 1.000000 -1
1 -0.950000 -3.290896 -1.645448 0.666667 0.833333 -1
1 0.000000 3.800000 0.000000 0.583333 0.000000 -1
1 -0.950000 3.290896 -1.645448 0.666667 0.166667 -1
1 0.000000 -3.800000 0.000000 0.666667 1.000000 -1
1 -0.000000 -3.290896 -1.900000 0.750000 0.833333 -1
1 0.000000 3.800000 0.000000 0.666667 0.000000 -1
1 -0.000000 3.290896 -1.900000 0.750000 0.166667 -1
1 0.000000 -3.800000 0.000000 0.750000 1.000000 -1
1 0.950000 -3.290896 -1.645448 0.833333 0.833333 -1
1 0.000000 3.800000 0.000000 0.750000 0.000000 -1
1 0.950000 3.290896 -1.645448 0.833333 0.166667 -1
1 0.000000 -3.800000 0.000000 0.833333 1.000000 -1
1 1.645448 -3.290896 -0.950000 0.916667 0.833333 -1
1 0.000000 3.800000 0.000000 0.833333 0.000000 -1
1 1.645448 3.290896 -0.950000 0.916667 0.166667 -1
1 0.000000 -3.800000 0.000000 0.916667 1.000000 -1
1 1.900000 -3.290896 0.000000 1.000000 0.833333 -1
1 0.000000 3.800000 0.000000 0.916667 0.000000 -1
1 1.900000 3.290896 0.000000 1.000000 0.166667 -1
1 3.290897 -1.900000 0.000000 0.000000 0.666667 -1
1 2.850000 -1.900000 1.645448 0.083333 0.666667 -1
1 1.645448 -1.900000 2.850000 0.166667 0.666667 -1
1 0.000000 -1.900000 3.290897 0.250000 0.666667 -1
1 -1.645448 -1.900000 2.850000 0.333333 0.666667 -1
1 -2.850000 -1.900000 1.645448 0.416667 0.666667 -1
1 -3.290897 -1.900000 0.000000 0.500000 0.666667 -1
1 -2.850000 -1.900000 -1.645448 0.583333 0.666667 -1
1 -1.645448 -1.900000 -2.850000 0.666667 0.666667 -1
1 -0.000000 -1.900000 -3.290897 0.750000 0.666667 -1
1 1.645448 -1.900000 -2.850000 0.833333 0.666667 -1
1 2.850000 -1.900000 -1.645448 0.916667 0.666667 -1
1 3.290897 -1.900000 0.000000 1.000000 0.666667 -1
1 3.800000 0.000000 0.000000 0.000000 0.500000 -1
1 3.290896 0.000000 1.900000 0.083333 0.500000 -1
1 1.900000 0.000000 3.290896 0.166667 0.500000 -1
1 0.000000 0.000000 3.800000 0.250000 0.500000 -1
1 -1.900000 0.000000 3.290896 0.333333 0.500000 -1
1 -3.290896 0.000000 1.900000 0.416667 0.500000 -1
1 -3.800000 0.000000 0.000000 0.500000 0.500000 -1
1 -3.290896 0.000000 -1.900000 0.583333 0.500000 -1
1 -1.900000 0.000000 -3.290896 0.666667 0.500000 -1
1 -0.000000 0.000000 -3.800000 0.750000 0.500000 -1
1 1.900000 0.000000 -3.290896 0.833333 0.500000 -1
1 3.290896 0.000000 -1.900000 0.916667 0.500000 -1
1 3.800000 0.000000 0.000000 1.000000 0.500000 -1
1 3.290896 1.900000 0.000000 0.000000 0.333333 -1
1 2.850000 1.900000 1.645448 0.083333 0.333333 -1
1 1.645448 1.900000 2.850000 0.166667 0.333333 -1
1 0.000000 1.900000 3.290896 0.250000 0.333333 -1
1 -1.645448 1.900000 2.850000 0.333333 0.333333 -1
1 -2.850000 1.900000 1.645448 0.416667 0.333333 -1
1 -3.290896 1.900000 0.000000 0.500000 0.333333 -1
1 -2.850000 1.900000 -1.645448 0.583333 0.333333 -1
1 -1.645448 1.900000 -2.850000 0.666667 0.333333 -1
1 -0.000000 1.900000 -3.290896 0.750000 0.333333 -1
1 1.645448 1.900000 -2.850000 0.833333 0.333333 -1
1 2.850000 1.900000 -1.645448 0.916667 0.333333 -1
1 3.290896 1.900000 0.000000 1.000000 0.333333 -1
89
0.258199 -0.963611 0.069184
0.566927 -0.809641 0.151908
0.431481 -0.867044 0.249116
0.258199 0.963611 0.069184
0.431481 0.867044 0.249116
0.566927 0.809641 0.151908
0.189015 -0.963611 0.189015
0.286792 -0.819147 0.496738
0.189015 0.963611 0.189015
0.286792 0.819147 0.496738
0.069184 -0.963611 0.258199
0.000000 -0.867044 0.498231
0.069184 0.963611 0.258199
0.000000 0.867044 0.498231
-0.069184 -0.963611 0.258199
-0.286792 -0.819147 0.496738
-0.069184 0.963611 0.258199
-0.286792 0.819147 0.496738
-0.189015 -0.963611 0.189015
-0.431481 -0.867044 0.249116
-0.189015 0.963611 0.189015
-0.431481 0.867044 0.249116
-0.258199 -0.963611 0.069184
-0.573584 -0.819147 0.000000
-0.258199 0.963611 0.069184
-0.573584 0.819147 -0.000000
-0.258199 -0.963611 -0.069184
-0.431481 -0.867044 -0.249116
-0.258199 0.963611 -0.069184
-0.431481 0.867044 -0.249116
-0.189015 -0.963611 -0.189015
-0.286792 -0.819147 -0.496738
-0.189015 0.963611 -0.189015
-0.286792 0.819147 -0.496738
-0.069184 -0.963611 -0.258199
0.000000 -0.867044 -0.498231
-0.069184 0.963611 -0.258199
0.000000 0.867044 -0.498231
0.069184 -0.963611 -0.258199
0.286792 -0.819147 -0.496738
0.069184 0.963611 -0.258199
0.286792 0.819147 -0.496738
0.189015 -0.963611 -0.189015
0.431481 -0.867044 -0.249116
0.189015 0.963611 -0.189015
0.431481 0.867044 -0.249116
0.258199 -0.963611 -0.069184
0.566927 -0.809641 -0.151908
0.258199 0.963611 -0.069184
0.566927 0.809641 -0.151908
0.842693 -0.488757 0.225799
0.749141 -0.501714 0.432517
0.432517 -0.501714 0.749141
0.000000 -0.501714 0.865033
-0.432517 -0.501714 0.749141
-0.749141 -0.501714 0.432517
-0.865033 -0.501714 0.000000
-0.749141 -0.501714 -0.432517
-0.432517 -0.501714 -0.749141
0.000000 -0.501714 -0.865033
0.432517 -0.501714 -0.749141
0.749141 -0.501714 -0.432517
0.842693 -0.488757 -0.225799
0.965926 0.000000 0.258819
0.866025 0.000000 0.500000
0.500000 0.000000 0.866025
0.000000 0.000000 1.000000
-0.500000 0.000000 0.866025
-0.866025 0.000000 0.500000
-1.000000 0.000000 0.000000
-0.866025 0.000000 -0.500000
-0.500000 0.000000 -0.866025
0.000000 0.000000 -1.000000
0.500000 0.000000 -0.866025
0.866025 0.000000 -0.500000
0.965926 0.000000 -0.258819
0.842693 0.488757 0.225799
0.749141 0.501714 0.432517
0.432517 0.501714 0.749141
-0.000000 0.501714 0.865033
-0.432517 0.501714 0.749141
-0.749141 0.501714 0.432517
-0.865033 0.501714 0.000000
-0.749141 0.501714 -0.432517
-0.432517 0.501714 -0.749141
0.000000 0.501714 -0.865033
0.432517 0.501714 -0.749141
0.749141 0.501714 -0.432517
0.842693 0.488757 -0.225799
120
1 0 1 2 0 1 2 1
1 3 4 5 3 4 5 1
1 6 2 7 6 2 7 1
1 8 9 4 8 9 4 1
1 10 7 11 10 7 11 1
1 12 13 9 12 13 9 1
1 14 11 15 14 11 15 1
1 16 17 13 16 17 13 1
1 18 15 19 18 15 19 1
1 20 21 17 20 21 17 1
1 22 19 23 22 19 23 1
1 24 25 21 24 25 21 1
1 26 23 27 26 23 27 1
1 28 29 25 28 29 25 1
1 30 27 31 30 27 31 1
1 32 33 29 32 33 29 1
1 34 31 35 34 31 35 1
1 36 37 33 36 37 33 1
1 38 35 39 38 35 39 1
1 40 41 37 40 41 37 1
1 42 39 43 42 39 43 1
1 44 45 41 44 45 41 1
1 46 43 47 46 43 47 1
1 48 49 45 48 49 45 1
1 1 50 51 1 50 51 1
1 1 51 2 1 51 2 1
1 2 51 7 2 51 7 1
1 51 52 7 51 52 7 1
1 7 52 53 7 52 53 1
1 7 53 11 7 53 11 1
1 11 53 15 11 53 15 1
1 53 54 15 53 54 15 1
1 15 54 55 15 54 55 1
1 15 55 19 15 55 19 1
1 19 55 23 19 55 23 1
1 55 56 23 55 56 23 1
1 23 56 57 23 56 57 1
1 23 57 27 23 57 27 1
1 27 57 31 27 57 31 1
1 57 58 31 57 58 31 1
1 31 58 59 31 58 59 1
1 31 59 35 31 59 35 1
1 35 59 39 35 59 39 1
1 59 60 39 59 60 39 1
1 39 60 61 39 60 61 1
1 39 61 43 39 61 43 1
1 43 61 47 43 61 47 1
1 61 62 47 61 62 47 1
1 50 63 51 50 63 51 1
1 63 64 51 63 64 51 1
1 51 64 65 51 64 65 1
1 51 65 52 51 65 52 1
1 52 65 53 52 65 53 1
1 65 66 53 65 66 53 1
1 53 66 67 53 66 67 1
1 53 67 54 53 67 54 1
1 54 67 55 54 67 55 1
1 67 68 55 67 68 55 1
1 55 68 69 55 68 69 1
1 55 69 56 55 69 56 1
1 56 69 57 56 69 57 1
1 69 70 57 69 70 57 1
1 57 70 71 57 70 71 1
1 57 71 58 57 71 58 1
1 58 71 59 58 71 59 1
1 71 72 59 71 72 59 1
1 59 72 73 59 72 73 1
1 59 73 60 59 73 60 1
1 60 73 61 60 73 61 1
1 73 74 61 73 74 61 1
1 61 74 75 61 74 75 1
1 61 75 62 61 75 62 1
1 63 76 77 63 76 77 1
1 63 77 64 63 77 64 1
1 64 77 65 64 77 65 1
1 77 78 65 77 78 65 1
1 65 78 79 65 78 79 1
1 65 79 66 65 79 66 1
1 66 79 67 66 79 67 1
1 79 80 67 79 80 67 1
1 67 80 81 67 80 81 1
1 67 81 68 67 81 68 1
1 68 81 69 68 81 69 1
1 81 82 69 81 82 69 1
1 69 82 83 69 82 83 1
1 69 83 70 69 83 70 1
1 70 83 71 70 83 71 1
1 83 84 71 83 84 71 1
1 71 84 85 71 84 85 1
1 71 85 72 71 85 72 1
1 72 85 73 72 85 73 1
1 85 86 73 85 86 73 1
1 73 86 87 73 86 87 1
1 73 87 74 73 87 74 1
1 74 87 75 74 87 75 1
1 87 88 75 87 88 75 1
1 76 5 77 76 5 77 1
1 5 4 77 5 4 77 1
1 77 4 9 77 4 9 1
1 77 9 78 77 9 78 1
1 78 9 79 78 9 79 1
1 9 13 79 9 13 79 1
1 79 13 17 79 13 17 1
1 79 17 80 79 17 80 1
1 80 17 81 80 17 81 1
1 17 21 81 17 21 81 1
1 81 21 25 81 21 25 1
1 81 25 82 81 25 82 1
1 82 25 83 82 25 83 1
1 25 29 83 25 29 83 1
1 83 29 33 83 29 33 1
1 83 33 84 83 33 84 1
1 84 33 85 84 33 85 1
1 33 37 85 33 37 85 1
1 85 37 41 85 37 41 1
1 85 41 86 85 41 86 1
1 86 41 87 86 41 87 1
1 41 45 87 41 45 87 1
1 87 45 49 87 45 49 1
1 87 49 88 87 49 88 1

Materials: 1
"Material01"
0.200000 0.200000 0.200000 1.000000
1.000000 1.000000 1.000000 1.000000
0.000000 0.000000 0.000000 1.000000
0.000000 0.000000 0.000000 1.000000
0.000000
1.000000
"balltex.jpg"
""

Bones: 0
GroupComments: 0
MaterialComments: 0
BoneComments: 0
ModelComment: 0
