// MilkShape 3D ASCII

Frames: 30
Frame: 1

Meshes: 6
"Bottom" 0 1
4
0 -2.300000 -2.200000 2.300000 0.000000 0.000000 -1
0 -2.300000 -2.200000 -2.300000 0.000000 1.000000 -1
0 2.300000 -2.200000 2.300000 1.000000 0.000000 -1
0 2.300000 -2.200000 -2.300000 1.000000 1.000000 -1
1
0.000000 -1.000000 0.000000
2
0 0 1 2 0 0 0 3
0 1 3 2 0 0 0 3
"Upper" 0 0
4
0 -2.300000 2.200000 -2.300000 0.000000 0.000000 -1
0 -2.300000 2.200000 2.300000 0.000000 1.000000 -1
0 2.300000 2.200000 -2.300000 1.000000 0.000000 -1
0 2.300000 2.200000 2.300000 1.000000 1.000000 -1
1
0.000000 1.000000 0.000000
2
0 0 1 2 0 0 0 3
0 1 3 2 0 0 0 3
"Left" 0 2
4
0 -2.300000 2.200000 -2.300000 0.000000 0.000000 -1
0 -2.300000 -2.200000 -2.300000 0.000000 1.000000 -1
0 -2.300000 2.200000 2.300000 1.000000 0.000000 -1
0 -2.300000 -2.200000 2.300000 1.000000 1.000000 -1
1
-1.000000 0.000000 0.000000
2
0 0 1 2 0 0 0 2
0 1 3 2 0 0 0 2
"Right" 1 2
4
1 2.300000 2.200000 2.300000 0.000000 0.000000 -1
1 2.300000 -2.200000 2.300000 0.000000 1.000000 -1
1 2.300000 2.200000 -2.300000 1.000000 0.000000 -1
1 2.300000 -2.200000 -2.300000 1.000000 1.000000 -1
1
1.000000 0.000000 0.000000
2
1 0 1 2 0 0 0 2
1 1 3 2 0 0 0 2
"Front" 1 2
4
1 -2.300000 2.200000 2.300000 0.000000 0.000000 -1
1 -2.300000 -2.200000 2.300000 0.000000 1.000000 -1
1 2.300000 2.200000 2.300000 1.000000 0.000000 -1
1 2.300000 -2.200000 2.300000 1.000000 1.000000 -1
1
0.000000 0.000000 1.000000
2
1 0 1 2 0 0 0 1
1 1 3 2 0 0 0 1
"Back" 1 2
4
1 2.300000 2.200000 -2.300000 0.000000 0.000000 -1
1 2.300000 -2.200000 -2.300000 0.000000 1.000000 -1
1 -2.300000 2.200000 -2.300000 1.000000 0.000000 -1
1 -2.300000 -2.200000 -2.300000 1.000000 1.000000 -1
1
0.000000 0.000000 -1.000000
2
1 0 1 2 0 0 0 1
1 1 3 2 0 0 0 1

Materials: 3
"Up"
0.200000 0.200000 0.200000 1.000000
0.800000 0.800000 0.800000 1.000000
0.000000 0.000000 0.000000 1.000000
0.000000 0.000000 0.000000 1.000000
0.000000
1.000000
"cubeuptex.jpg"
""
"Blank"
0.200000 0.200000 0.200000 1.000000
0.800000 0.800000 0.800000 1.000000
0.000000 0.000000 0.000000 1.000000
0.000000 0.000000 0.000000 1.000000
0.000000
1.000000
""
""
"Side"
0.200000 0.200000 0.200000 1.000000
0.800000 0.800000 0.800000 1.000000
0.000000 0.000000 0.000000 1.000000
0.000000 0.000000 0.000000 1.000000
0.000000
1.000000
"cubesidetex.jpg"
""

Bones: 0
GroupComments: 0
MaterialComments: 0
BoneComments: 0
ModelComment: 0
