// MilkShape 3D ASCII

Frames: 30
Frame: 1

Meshes: 1
"Upper" 0 0
4
1 -2.300000 0.000000 -2.300000 0.000000 0.000000 -1
1 -2.300000 0.000000 2.300000 0.000000 1.000000 -1
1 2.300000 0.000000 -2.300000 1.000000 0.000000 -1
1 2.300000 0.000000 2.300000 1.000000 1.000000 -1
1
0.000000 1.000000 0.000000
2
0 0 1 2 0 0 0 3
0 1 3 2 0 0 0 3

Materials: 1
"Material01"
0.200000 0.200000 0.200000 1.000000
0.800000 0.800000 0.800000 1.000000
0.000000 0.000000 0.000000 1.000000
0.000000 0.000000 0.000000 1.000000
0.000000
1.000000
"dab_winny_prof.jpg"
""

Bones: 0
GroupComments: 0
MaterialComments: 0
BoneComments: 0
ModelComment: 0
