// MilkShape 3D ASCII

Frames: 30
Frame: 1

Meshes: 1
"Cylinder01" 1 0
41
1 1.021739 0.000000 -0.000000 0.000000 0.000000 -1
1 0.000000 0.000000 -0.000000 0.000000 0.000000 -1
1 1.009160 0.000000 0.159835 0.000000 0.000000 -1
1 0.971732 0.000000 0.315735 0.000000 0.000000 -1
1 0.910376 0.000000 0.463859 0.000000 0.000000 -1
1 0.826605 0.000000 0.600563 0.000000 0.000000 -1
1 0.722479 0.000000 0.722478 0.000000 0.000000 -1
1 0.600564 0.000000 0.826604 0.000000 0.000000 -1
1 0.463860 0.000000 0.910376 0.000000 0.000000 -1
1 0.315735 0.000000 0.971732 0.000000 0.000000 -1
1 0.159835 0.000000 1.009160 0.000000 0.000000 -1
1 0.000000 0.000000 1.021739 0.000000 0.000000 -1
1 -0.159835 0.000000 1.009160 0.000000 0.000000 -1
1 -0.315735 0.000000 0.971732 0.000000 0.000000 -1
1 -0.463860 0.000000 0.910376 0.000000 0.000000 -1
1 -0.600563 0.000000 0.826604 0.000000 0.000000 -1
1 -0.722479 0.000000 0.722478 0.000000 0.000000 -1
1 -0.826604 0.000000 0.600563 0.000000 0.000000 -1
1 -0.910376 0.000000 0.463859 0.000000 0.000000 -1
1 -0.971732 0.000000 0.315735 0.000000 0.000000 -1
1 -1.009160 0.000000 0.159835 0.000000 0.000000 -1
1 -1.021739 0.000000 -0.000000 0.000000 0.000000 -1
1 -1.009160 0.000000 -0.159835 0.000000 0.000000 -1
1 -0.971732 0.000000 -0.315735 0.000000 0.000000 -1
1 -0.910376 0.000000 -0.463860 0.000000 0.000000 -1
1 -0.826604 0.000000 -0.600563 0.000000 0.000000 -1
1 -0.722479 0.000000 -0.722479 0.000000 0.000000 -1
1 -0.600563 0.000000 -0.826604 0.000000 0.000000 -1
1 -0.463860 0.000000 -0.910376 0.000000 0.000000 -1
1 -0.315735 0.000000 -0.971732 0.000000 0.000000 -1
1 -0.159835 0.000000 -1.009160 0.000000 0.000000 -1
1 0.000000 0.000000 -1.021739 0.000000 0.000000 -1
1 0.159835 0.000000 -1.009160 0.000000 0.000000 -1
1 0.315735 0.000000 -0.971732 0.000000 0.000000 -1
1 0.463860 0.000000 -0.910376 0.000000 0.000000 -1
1 0.600564 0.000000 -0.826604 0.000000 0.000000 -1
1 0.722479 0.000000 -0.722479 0.000000 0.000000 -1
1 0.826605 0.000000 -0.600563 0.000000 0.000000 -1
1 0.910376 0.000000 -0.463860 0.000000 0.000000 -1
1 0.971732 0.000000 -0.315735 0.000000 0.000000 -1
1 1.009160 0.000000 -0.159835 0.000000 0.000000 -1
1
0.000000 1.000000 0.000000
40
1 0 1 2 0 0 0 2
1 2 1 3 0 0 0 2
1 3 1 4 0 0 0 2
1 4 1 5 0 0 0 2
1 5 1 6 0 0 0 2
1 6 1 7 0 0 0 2
1 7 1 8 0 0 0 2
1 8 1 9 0 0 0 2
1 9 1 10 0 0 0 2
1 10 1 11 0 0 0 2
1 11 1 12 0 0 0 2
1 12 1 13 0 0 0 2
1 13 1 14 0 0 0 2
1 14 1 15 0 0 0 2
1 15 1 16 0 0 0 2
1 16 1 17 0 0 0 2
1 17 1 18 0 0 0 2
1 18 1 19 0 0 0 2
1 19 1 20 0 0 0 2
1 20 1 21 0 0 0 2
1 21 1 22 0 0 0 2
1 22 1 23 0 0 0 2
1 23 1 24 0 0 0 2
1 24 1 25 0 0 0 2
1 25 1 26 0 0 0 2
1 26 1 27 0 0 0 2
1 27 1 28 0 0 0 2
1 28 1 29 0 0 0 2
1 29 1 30 0 0 0 2
1 30 1 31 0 0 0 2
1 31 1 32 0 0 0 2
1 32 1 33 0 0 0 2
1 33 1 34 0 0 0 2
1 34 1 35 0 0 0 2
1 35 1 36 0 0 0 2
1 36 1 37 0 0 0 2
1 37 1 38 0 0 0 2
1 38 1 39 0 0 0 2
1 39 1 40 0 0 0 2
1 40 1 0 0 0 0 2

Materials: 1
"Material01"
0.200000 0.200000 0.200000 1.000000
0.800000 0.800000 0.800000 1.000000
0.000000 0.000000 0.000000 1.000000
0.000000 0.000000 0.000000 1.000000
0.000000
1.000000
"hole.jpg"
""

Bones: 0
GroupComments: 0
MaterialComments: 0
BoneComments: 0
ModelComment: 0
