// MilkShape 3D ASCII

Frames: 199
Frame: 6

Meshes: 1
"Triangles" 1 0
7
1 0.000000 0.000000 0.000000 0.000000 0.000000 -1
1 20.000000 -10.000000 -0.000001 0.000000 0.000000 -1
1 0.000000 -20.000000 -0.000002 0.000000 0.000000 -1
1 10.000000 -29.230768 -0.000003 0.000000 0.000000 -1
1 20.000000 -19.230768 -0.000002 0.000000 0.000000 -1
1 13.076923 -12.307693 -0.000001 0.000000 0.000000 -1
1 5.384614 -16.153847 -0.000001 0.000000 0.000000 -1
4
0.000000 -0.000000 1.000000
-0.000000 -0.000000 1.000000
-0.000000 -0.000000 1.000000
0.000000 -0.000000 1.000000
4
1 0 0 0 0 0 0 1
1 1 0 2 0 0 0 1
1 3 4 5 1 2 1 1
1 5 6 3 1 3 1 1

Materials: 1
"Material02"
0.200000 0.200000 0.200000 1.000000
0.800000 0.800000 0.800000 1.000000
0.000000 0.000000 0.000000 1.000000
0.000000 0.000000 0.000000 1.000000
0.000000
1.000000
"dab_winny_prof.jpg"
""

Bones: 0
GroupComments: 0
MaterialComments: 0
BoneComments: 0
ModelComment: 0
