// MilkShape 3D ASCII

Frames: 30
Frame: 1

Meshes: 1
"Triangles" 0 0
3
1 5.750000 3.488179 -3.367612 0.000000 0.000000 -1
1 0.000000 1.488179 0.632388 0.000000 0.000000 -1
1 5.500000 -3.511820 1.382388 0.000000 0.000000 -1
1
0.361796 0.514582 0.777373
1
1 0 1 2 0 0 0 1

Materials: 1
"Material01"
0.200000 0.200000 0.200000 1.000000
0.109804 0.109804 0.843137 1.000000
0.000000 0.000000 0.000000 1.000000
0.000000 0.000000 0.000000 1.000000
0.000000
1.000000
""
""

Bones: 0
GroupComments: 0
MaterialComments: 0
BoneComments: 0
ModelComment: 0
