// MilkShape 3D ASCII

Frames: 30
Frame: 1

Meshes: 1
"Plane01" 1 0
24
1 -3.000000 2.583333 0.000000 0.000000 0.000000 -1
1 -3.000000 1.550000 0.000000 0.000000 0.200000 -1
1 -1.000000 1.550000 0.000000 0.333333 0.200000 -1
1 -1.000000 2.583333 0.000000 0.333333 0.000000 -1
1 1.000000 1.550000 0.000000 0.666667 0.200000 -1
1 1.000000 2.583333 0.000000 0.666667 0.000000 -1
1 3.000000 1.550000 0.000000 1.000000 0.200000 -1
1 3.000000 2.583333 0.000000 1.000000 0.000000 -1
1 -3.000000 0.516667 0.000000 0.000000 0.400000 -1
1 -1.000000 0.516667 0.000000 0.333333 0.400000 -1
1 1.000000 0.516667 0.000000 0.666667 0.400000 -1
1 3.000000 0.516667 0.000000 1.000000 0.400000 -1
1 -3.000000 -0.516667 0.000000 0.000000 0.600000 -1
1 -1.000000 -0.516667 0.000000 0.333333 0.600000 -1
1 1.000000 -0.516667 0.000000 0.666667 0.600000 -1
1 3.000000 -0.516667 0.000000 1.000000 0.600000 -1
1 -3.000000 -1.550000 0.000000 0.000000 0.800000 -1
1 -1.000000 -1.550000 0.000000 0.333333 0.800000 -1
1 1.000000 -1.550000 0.000000 0.666667 0.800000 -1
1 3.000000 -1.550000 0.000000 1.000000 0.800000 -1
1 -3.000000 -2.583333 0.000000 0.000000 1.000000 -1
1 -1.000000 -2.583333 0.000000 0.333333 1.000000 -1
1 1.000000 -2.583333 0.000000 0.666667 1.000000 -1
1 3.000000 -2.583333 0.000000 1.000000 1.000000 -1
1
0.000000 0.000000 1.000000
30
1 0 1 2 0 0 0 1
1 0 2 3 0 0 0 1
1 2 4 5 0 0 0 1
1 2 5 3 0 0 0 1
1 5 4 6 0 0 0 1
1 5 6 7 0 0 0 1
1 8 9 2 0 0 0 1
1 8 2 1 0 0 0 1
1 2 9 10 0 0 0 1
1 2 10 4 0 0 0 1
1 10 11 6 0 0 0 1
1 10 6 4 0 0 0 1
1 8 12 13 0 0 0 1
1 8 13 9 0 0 0 1
1 13 14 10 0 0 0 1
1 13 10 9 0 0 0 1
1 10 14 15 0 0 0 1
1 10 15 11 0 0 0 1
1 16 17 13 0 0 0 1
1 16 13 12 0 0 0 1
1 13 17 18 0 0 0 1
1 13 18 14 0 0 0 1
1 18 19 15 0 0 0 1
1 18 15 14 0 0 0 1
1 16 20 21 0 0 0 1
1 16 21 17 0 0 0 1
1 21 22 18 0 0 0 1
1 21 18 17 0 0 0 1
1 18 22 23 0 0 0 1
1 18 23 19 0 0 0 1

Materials: 1
"Material01"
0.200000 0.200000 0.200000 1.000000
0.800000 0.800000 0.800000 1.000000
0.000000 0.000000 0.000000 1.000000
0.000000 0.000000 0.000000 1.000000
0.000000
1.000000
"test.jpg"
""

Bones: 0
GroupComments: 0
MaterialComments: 0
BoneComments: 0
ModelComment: 0
